4.936881295045555618e+00
4.846196781537440934e+00
4.574222749246376729e+00
4.121993092455674912e+00
3.502239354765776636e+00
2.781370839381458016e+00
2.125265351203649900e+00
1.748605163648213834e+00
1.774172277400865694e+00
2.154352855100778452e+00
2.731066984587685376e+00
3.349379235940158850e+00
3.910170616530792120e+00
4.351493004114927565e+00
4.629665033103275817e+00
4.729727573694183285e+00
4.661506879233785483e+00
4.437759734402535017e+00
4.075618628694797962e+00
3.616201047965893256e+00
3.126914410989291682e+00
2.688823969986568585e+00
2.382133198457565548e+00
2.260188488623262160e+00
2.340538667881876478e+00
2.617790122221458127e+00
3.048991639664897058e+00
3.530414034391491818e+00
3.932209086679721910e+00
4.175343441864731275e+00
4.272702767563381521e+00
4.283737264705770542e+00
4.232836324407582396e+00
4.100104671243981258e+00
3.872938752782727700e+00
3.569711182412738548e+00
3.225507532012927836e+00
2.886726733226845809e+00
2.625123049882917670e+00
2.535255011554931492e+00
2.680722432234246888e+00
3.016169546992566453e+00
3.388405684241455162e+00
3.656165009685815370e+00
3.796892169708848908e+00
3.873798983309882260e+00
3.936650572431081407e+00
3.978200088519931121e+00
3.956531892640246184e+00
3.834999540362585169e+00
3.606169344294313017e+00
3.311735762621089929e+00
3.053212729330037956e+00
2.944861037906011170e+00
3.026996481134770711e+00
3.237220728683017246e+00
3.461064966754636707e+00
3.603921149129078572e+00
3.638530073171785340e+00
3.596907140190286345e+00
3.518990889709169956e+00
3.427169168349209816e+00
3.347677267664358247e+00
3.314626474109361620e+00
3.338360274222734070e+00
3.391575524437310918e+00
3.443602635420098146e+00
3.499182500279728103e+00
3.584423724697458624e+00
3.698696658680497684e+00
3.803018239555157720e+00
3.856709344769190917e+00
3.837186952515755145e+00
3.723128771126034575e+00
3.489713551739252129e+00
3.146185216084825598e+00
2.787509370034436884e+00
2.582516488856123615e+00
2.652462743422491886e+00
2.961167878419463939e+00
3.361071383953215808e+00
3.717627165634570297e+00
3.966958210237640614e+00
4.099946716343023212e+00
4.138148905824468926e+00
4.120404565343324776e+00
4.071683978378849211e+00
3.961935572948275919e+00
3.724089534291894488e+00
3.339446484057833509e+00
2.892561868825780813e+00
2.530688219445475173e+00
2.376107453931688873e+00
2.470278305034123711e+00
2.768136979038776424e+00
3.174966900479689880e+00
3.593505882897400916e+00
3.944636762368322724e+00
4.184531347528471557e+00
4.321086835333479925e+00
